#Layer_Color=16711935
#
#Feature symbol names
#
$0 r3.937
$1 r8
$2 r1
$3 r7.874
$4 rect12x24
$5 rect24x12
$6 rect16x47.6693
$7 rect15.7481x47.6693

#
#Feature attribute names
#

#
#Layer features
#
A 2.7642755 2.7784095 2.7642755 2.7784095 2.7445905 2.7784095 0 P 0 N
A 3.0857086 2.9199764 3.0857086 2.9199764 3.0660236 2.9199764 0 P 0 N
A 3.5590551 2.9830788 3.5590551 2.9830788 3.5393701 2.9830788 0 P 0 N
A 3.8149212 2.8511732 3.8149212 2.8511732 3.7991732 2.8511732 0 P 0 N
L 2.8071891 2.8473464 2.8071891 2.8906535 0 P 0
L 2.8071891 2.8473464 2.8308111 2.8473464 0 P 0
L 2.8071891 2.8906535 2.8308111 2.8906535 0 P 0
L 2.83 2.762 2.83 2.802 1 P 0
L 2.8308111 2.8473464 2.8308111 2.8906535 0 P 0
L 2.846 2.762 2.846 2.802 1 P 0
L 2.8801891 2.7493464 2.8801891 2.7926535 0 P 0
L 2.8801891 2.7493464 2.9038111 2.7493464 0 P 0
L 2.8801891 2.7926535 2.9038111 2.7926535 0 P 0
L 2.9038111 2.7493464 2.9038111 2.7926535 0 P 0
L 2.9103465 2.8531891 2.9103465 2.8768111 0 P 0
L 2.9103465 2.8531891 2.9536536 2.8531891 0 P 0
L 2.9103465 2.8768111 2.9536536 2.8768111 0 P 0
L 2.9342835 2.8234645 2.9342836 2.7565354 0 P 0
L 2.9342835 2.8234645 2.9697166 2.8234645 0 P 0
L 2.9342836 2.7565354 2.9697166 2.7565354 0 P 0
L 2.948 2.703 2.988 2.703 1 P 0
L 2.948 2.719 2.988 2.719 1 P 0
L 2.9536536 2.8531891 2.9536536 2.8768111 0 P 0
L 2.9697166 2.7565354 2.9697166 2.8234645 0 P 0
L 2.9881889 2.7833465 2.9881889 2.8266536 0 P 0
L 2.9881889 2.7833465 3.0118109 2.7833465 0 P 0
L 2.9881889 2.8266536 3.0118109 2.8266536 0 P 0
L 3.0118109 2.7833465 3.0118109 2.8266536 0 P 0
L 3.028622 2.7546221 3.028622 2.957378 0 P 0
L 3.028622 2.7546221 3.2313779 2.7546221 0 P 0
L 3.028622 2.957378 3.2313779 2.957378 0 P 0
L 3.0373465 2.9681891 3.0373465 2.9918111 0 P 0
L 3.0373465 2.9681891 3.0806536 2.9681891 0 P 0
L 3.0373465 2.9918111 3.0806536 2.9918111 0 P 0
L 3.0806536 2.9681891 3.0806536 2.9918111 0 P 0
L 3.2313779 2.7546221 3.2313779 2.957378 0 P 0
L 3.2560079 2.7340472 3.2560079 2.9899528 3 P 0
L 3.2560079 2.7340472 3.3819921 2.7340472 3 P 0
L 3.2560079 2.9899528 3.3819921 2.9899528 3 P 0
L 3.265378 2.989315 3.313 2.989315 1 P 0
L 3.265378 3.029 3.313 3.029 1 P 0
L 3.2783464 2.7501889 3.2783464 2.7738109 0 P 0
L 3.2783464 2.7501889 3.3216535 2.7501889 0 P 0
L 3.2783464 2.7738109 3.3216535 2.7738109 0 P 0
L 3.3216535 2.7501889 3.3216535 2.7738109 0 P 0
L 3.3819921 2.7340472 3.3819921 2.9899528 3 P 0
L 3.391 2.925 3.431 2.925 1 P 0
L 3.391 2.941 3.431 2.941 1 P 0
L 3.392 2.788 3.432 2.788 1 P 0
L 3.392 2.804 3.432 2.804 1 P 0
L 3.392 2.833 3.432 2.833 1 P 0
L 3.392 2.849 3.432 2.849 1 P 0
L 3.392 2.88 3.432 2.88 1 P 0
L 3.392 2.896 3.432 2.896 1 P 0
L 3.503937 2.7074882 3.503937 3.0185118 0 P 0
L 3.503937 2.7074882 3.996063 2.7074882 0 P 0
L 3.503937 3.0185118 3.996063 3.0185118 0 P 0
L 3.7676772 2.8196772 3.7676772 2.9043228 0 P 0
L 3.7676772 2.8196772 3.8523228 2.8196772 0 P 0
L 3.7676772 2.9043228 3.8523228 2.9043228 0 P 0
L 3.775378 2.739189 3.775378 2.763 2 P 0
L 3.775378 2.739189 3.823 2.739189 2 P 0
L 3.775378 2.763 3.823 2.763 2 P 0
L 3.779 2.743 3.819 2.743 1 P 0
L 3.779 2.759 3.819 2.759 1 P 0
L 3.823 2.739189 3.823 2.763 2 P 0
L 3.8523228 2.8196772 3.8523228 2.9043228 0 P 0
L 3.8961891 2.8293464 3.8961891 2.8726535 0 P 0
L 3.8961891 2.8293464 3.9198111 2.8293464 0 P 0
L 3.8961891 2.8726535 3.9198111 2.8726535 0 P 0
L 3.9198111 2.8293464 3.9198111 2.8726535 0 P 0
L 3.945189 2.828 3.945189 2.875622 2 P 0
L 3.945189 2.828 3.969 2.828 2 P 0
L 3.945189 2.875622 3.969 2.875622 2 P 0
L 3.949 2.832 3.949 2.872 1 P 0
L 3.965 2.832 3.965 2.872 1 P 0
L 3.969 2.828 3.969 2.875622 2 P 0
P 2.838 2.7600412 5 P 0 0
P 2.838 2.8040412 5 P 0 0
P 2.9460412 2.711 4 P 0 0
P 2.9900412 2.711 4 P 0 0
P 3.2575039 3.0091653 7 P 0 0
P 3.321 3.0091653 6 P 0 0
P 3.389045 2.9329998 4 P 0 0
P 3.3899588 2.888 4 P 0 0
P 3.3899628 2.841 4 P 0 0
P 3.3900412 2.796 4 P 0 0
P 3.4330372 2.933 4 P 0 0
P 3.433955 2.8410002 4 P 0 0
P 3.4339588 2.888 4 P 0 0
P 3.4340412 2.796 4 P 0 0
P 3.7769588 2.751 4 P 0 0
P 3.8209588 2.751 4 P 0 0
P 3.957 2.8300412 5 P 0 0
P 3.957 2.8740412 5 P 0 0
